0 -10 0 37 0 0 0 0.99 1 0.9 0.1
0 -8 0 37 0 0 0 0.99 1 0.9 0.1
0 -6 0 37 0 0 0 0.99 1 0.9 0.1
0 -4 0 37 0 0 0 0.99 1 0.9 0.1
0 -2 0 37 0 0 0 0.99 1 0.9 0.1
0 0 0 37 0 0 0 0.99 1 0.9 0.1
0 2 0 37 0 0 0 0.99 1 0.9 0.1
0 4 0 37 0 0 0 0.99 1 0.9 0.1
0 6 0 37 0 0 0 0.99 1 0.9 0.1
0 8 0 37 0 0 0 0.99 1 0.9 0.1
0 10 0 37 0 0 0 0.99 1 0.9 0.1
0 12 0 37 0 0 0 0.99 1 0.9 0.1
0 14 0 37 0 0 0 0.99 1 0.9 0.1

0 -10 -5 37 0 0 0 0.99 1 0.9 0.1
0 -8 -5 37 0 0 0 0.99 1 0.9 0.1
0 -6 -5 37 0 0 0 0.99 1 0.9 0.1
0 -4 -5 37 0 0 0 0.99 1 0.9 0.1
0 -2 -5 37 0 0 0 0.99 1 0.9 0.1
0 0 -5 37 0 0 0 0.99 1 0.9 0.1
0 2 -5 37 0 0 0 0.99 1 0.9 0.1
0 4 -5 37 0 0 0 0.99 1 0.9 0.1
0 6 -5 37 0 0 0 0.99 1 0.9 0.1
0 8 -5 37 0 0 0 0.99 1 0.9 0.1
0 10 -5 37 0 0 0 0.99 1 0.9 0.1
0 12 -5 37 0 0 0 0.99 1 0.9 0.1
0 14 -5 37 0 0 0 0.99 1 0.9 0.1

0 -10 -10 37 0 0 0 0.99 1 0.9 0.1
0 -8 -10 37 0 0 0 0.99 1 0.9 0.1
0 -6 -10 37 0 0 0 0.99 1 0.9 0.1
0 -4 -10 37 0 0 0 0.99 1 0.9 0.1
0 -2 -10 37 0 0 0 0.99 1 0.9 0.1
0 0 -10 37 0 0 0 0.99 1 0.9 0.1
0 2 -10 37 0 0 0 0.99 1 0.9 0.1
0 4 -10 37 0 0 0 0.99 1 0.9 0.1
0 6 -10 37 0 0 0 0.99 1 0.9 0.1
0 8 -10 37 0 0 0 0.99 1 0.9 0.1
0 10 -10 37 0 0 0 0.99 1 0.9 0.1
0 12 -10 37 0 0 0 0.99 1 0.9 0.1
0 14 -10 37 0 0 0 0.99 1 0.9 0.1

1 -40 -40 0 0.5 0.5 0 0.2 0.1 0.2 0.2
1 -40 40 0 0.5 -0.5 0 0.2 0.1 0.3 0.3
1 40 -40 0 -0.5 0.5 0 0.2 0.2 0.4 0.4
1 40 40 0 -0.5 -0.5 0 0.2 0.2 0.45 0.45
1 0 -30 0 0 1 0 0.1 0.1 0.5 0.5
1 20 20 40 0 0 -1 0 1 2 1
1 20 20 34 0 0 1 0 0.5 0.5 0.2
2 60 -27 37 -1 0 0 140 8 200 0 1 1