0 -10 10 8 2 0 0 1 5 0.8 0
0 10 10 8 -1 0 0 1 10 0.8 0
0 -10 10 11 2 0 0 1 5 0.8 0
0 10 10 11 -2 0 0 1 10 0.8 0
0 -10 10 20 3 0 0 3 5 0.8 0
0 10 10 20 -3 0 0 3 5 0.8 0
0 0 50 20 0 1 0 3 25 0.8 0

0 -1.4142 1 0 0 0 0 1 5 0.9 0.1
0 1.4142 1 0 0 0 0 1 5 0.9 0.1
0 0 1 1.4142 0 0 0 1 5 0.9 0.1
0 0 1 -1.4142 0 0 0 1 5 0.9 0.1
0 0 7 0 0 -1 0 2 20 0.9 0.1

1 0 0 0 0 1 0 100 100 0.1 0.1 0 0.1
1 -25 0 0 -0.5 -0.5 0  100 100 0.2 0.2 0 0.5
1 25 0 0 -0.5 0.5 0 100 100 0.2 0.2 0 0.5

2	0 0 0		0 1 0	200 5 10	0.6 0.6 0
2	-5 20 0		1 0 0	40 2 20		0.0 0.6 0